<?xml version="1.0" encoding="UTF-8" standalone="no"?>

<svg xmlns="http://www.w3.org/2000/svg" xmlns:xlink="http://www.w3.org/1999/xlink"
     version="1.1"
     height="100" width="150" viewBox="0 0 150 100">

    <defs>
        <linearGradient id="percentage" x1="0%" x2="0%" y1="0%" y2="100%">
            <stop offset="0%" stop-color="#1a2227" />
            <stop stop-color="#1a2227" offset="50%" />
            <stop offset="50%" stop-color="#f8f8f8" />
            <stop stop-color="#f8f8f8" offset="100%" />
        </linearGradient>
    </defs>
    <rect style="fill:#fff;stroke:#d1d3d5;stroke-width:1;stroke-opacity:1" width="150" height="100" x="0" y="0" rx="6" ry="6" />

            <path id="star-1" d="m 79.447386,65.3618 4.814743,-9.178725 -4.844695,-8.999163 10.217324,1.74271 7.061619,-7.388473 1.499911,10.255779 9.209012,4.432836 -9.290324,4.59571 -1.370135,10.128116 -7.241649,-7.415474 z" transform="matrix(0,-0.59849677,0.6051977,0,-4,111.42274)" style="fill:#1a2227;stroke:#1a2227;stroke-width:2;stroke-opacity:1" />
            <path id="star-2" d="m 79.447386,65.3618 4.814743,-9.178725 -4.844695,-8.999163 10.217324,1.74271 7.061619,-7.388473 1.499911,10.255779 9.209012,4.432836 -9.290324,4.59571 -1.370135,10.128116 -7.241649,-7.415474 z" transform="matrix(0,-0.59849677,0.6051977,0,19,111.42274)" style="fill:#1a2227;stroke:#1a2227;stroke-width:2;stroke-opacity:1" />
            <path id="star-3" d="m 79.447386,65.3618 4.814743,-9.178725 -4.844695,-8.999163 10.217324,1.74271 7.061619,-7.388473 1.499911,10.255779 9.209012,4.432836 -9.290324,4.59571 -1.370135,10.128116 -7.241649,-7.415474 z" transform="matrix(0,-0.59849677,0.6051977,0,42,111.42274)" style="fill:#1a2227;stroke:#1a2227;stroke-width:2;stroke-opacity:1" />
            <path id="star-4" d="m 79.447386,65.3618 4.814743,-9.178725 -4.844695,-8.999163 10.217324,1.74271 7.061619,-7.388473 1.499911,10.255779 9.209012,4.432836 -9.290324,4.59571 -1.370135,10.128116 -7.241649,-7.415474 z" transform="matrix(0,-0.59849677,0.6051977,0,65,111.42274)" style="fill:#1a2227;stroke:#1a2227;stroke-width:2;stroke-opacity:1" />
            <path id="star-5" d="m 79.447386,65.3618 4.814743,-9.178725 -4.844695,-8.999163 10.217324,1.74271 7.061619,-7.388473 1.499911,10.255779 9.209012,4.432836 -9.290324,4.59571 -1.370135,10.128116 -7.241649,-7.415474 z" transform="matrix(0,-0.59849677,0.6051977,0,88,111.42274)" style="fill:url(#percentage);stroke:#1a2227;stroke-width:2;stroke-opacity:1" />
        <text style="font-style:normal;font-weight:500;font-size:25px;line-height:125%;font-family:sans-serif;letter-spacing:0px;word-spacing:0px;fill:#1a2227;fill-opacity:1;stroke:none;stroke-width:1px;stroke-linecap:butt;stroke-linejoin:miter;stroke-opacity:1"
          x="58" y="40">
        <tspan>4,2</tspan>
    </text>
    <g transform="matrix(0.06400307,0,0,0.06400307,47.599883,71.62336)">
        <path d="m 142,146.6 c 0,-12.1 -4.7,-23.1 -12.4,-31.5 7.5,-8.3 12.1,-19.2 12.1,-31.1 l 0,-7.9 -0.1,0 c -0.3,-1.8 -2,-3.2 -3.9,-3.2 l -24,0 c -2,0 -3.6,1.4 -3.9,3.2 l -0.5,7.9 c 0,8.5 -7.1,15.4 -15.8,15.4 l 0,0.1 -8.1,0 c -5.6,0 -10.9,1 -15.9,2.7 l 0,-68.6 c 0,-2.1 -1.8,-3.9 -4,-3.9 l -24,0 c -2.2,0 -4,1.8 -4,3.9 l 0,145.3 c 0,2.1 1.8,3.9 4,3.9 l 24,0 c 2.2,0 4,-1.8 4,-3.9 l 0,-32.3 0.2,0 c 0,-8.5 7.1,-15.4 15.8,-15.4 l 8.5,0 c 8.7,0 15.8,6.9 15.8,15.4 l 0,7.9 0.1,0 0,24.4 c 0,2.1 1.8,3.9 4,3.9 l 24,0 c 2.2,0 4,-1.8 4,-3.9 l 0.4,-24.4 0,-7.9 z"
        />
        <path d="m 261.8,103.4 c 0,-2.1 -1.8,-3.9 -4,-3.9 l -24,0 c -2.2,0 -4,1.8 -4,3.9 l 0,58.5 c 0,8.5 -7.2,15.4 -16,15.4 l -8.5,0 c -8.7,0 -15.8,-6.9 -15.8,-15.4 l -0.1,-58.5 c 0,-2.1 -1.8,-3.9 -4,-3.9 l -24,0 c -2.2,0 -4,1.8 -4,3.9 l -0.1,58.5 c 0,26 21.3,47.1 47.9,47.1 l 8.5,0 c 26.6,0 48,-21.1 48,-47.1 l 0.1,-58.5 z"
        />
        <path d="m 278,179.7 c 0,2.1 1.8,3.9 4,3.9 l 24,0 c 2.2,0 4,-1.8 4,-3.9 l 0,-58.5 c 0,-8.5 7.2,-15.4 15.9,-15.4 l 8.5,0 c 8.7,0 15.8,6.9 15.8,15.4 l 0.1,58.5 c 0,2.1 1.8,3.9 4,3.9 l 24,0 c 2.2,0 4,-1.8 4,-3.9 l 0.1,-58.5 c 0,-25.9 -21.3,-47.1 -47.9,-47.1 l -8.5,0 c -26.6,0 -47.9,21.1 -47.9,47.1 l -0.1,58.5 z"
        />
        <path d="m 502.8,103.4 c 0,-2.1 -1.8,-3.9 -4,-3.9 l -24,0 c -2.2,0 -4,1.8 -4,3.9 l 0,58.5 c 0,8.5 -7.2,15.4 -15.9,15.4 l -8.5,0 c -8.7,0 -15.8,-6.9 -15.8,-15.4 l -0.1,-58.5 c 0,-2.1 -1.8,-3.9 -4,-3.9 l -24,0 c -2.2,0 -4,1.8 -4,3.9 l 0,58.5 c 0,26 21.3,47.1 47.9,47.1 l 8.5,0 c 26.6,0 47.9,-21.1 47.9,-47.1 l 0,-58.5 z"
        />
        <path d="m 743.8,103.4 c 0,-2.1 -1.8,-3.9 -4,-3.9 l -24,0 c -2.2,0 -4,1.8 -4,3.9 l 0,58.5 c 0,8.5 -7.2,15.4 -15.9,15.4 l -8.5,0 c -8.7,0 -15.8,-6.9 -15.8,-15.4 l -0.1,-58.5 c 0,-2.1 -1.8,-3.9 -4,-3.9 l -24,0 c -2.2,0 -4,1.8 -4,3.9 l -0.1,58.5 c 0,26 21.3,47.1 47.9,47.1 l 8.5,0 c 26.6,0 47.9,-21.1 47.9,-47.1 l 0.1,-58.5 z"
        />
        <path d="m 519.1,178.9 c 0,2.2 1.8,3.9 4,3.9 l 24,0 c 2.2,0 4,-1.7 4,-3.9 l 0,-58.5 c 0,-8.5 7.2,-15.4 15.9,-15.4 l 8.5,0 c 8.7,0 15.8,6.9 15.8,15.4 l 0.1,58.5 c 0,2.2 1.8,3.9 4,3.9 l 24,0 c 2.2,0 4,-1.7 4,-3.9 l 0.1,-58.5 c 0,-26 -21.3,-47.1 -47.9,-47.1 l -8.6,0 c -26.6,0 -47.9,21.1 -47.9,47.1 l 0,58.5 z"
        />
        <g>
            <path d="m 765,38.5 c -1.6,-1.6 -4.3,-1.6 -5.9,0 l -1.6,1.5 c -1.6,1.6 -1.6,4.2 0,5.8 l 9.6,9.4 c 1.3,1.3 1.2,3.4 -0.1,4.6 l -1.2,1.2 c -1.3,1.3 -3.4,1.3 -4.7,0 l -9.7,-9.4 c -5,-4.8 -5,-12.7 -0.1,-17.6 l 1.6,-1.5 c 5,-4.8 13,-4.8 18,0.1 l 9,8.8 0.6,0.6 c 1.3,1.3 1.3,3.3 0,4.6 l -1.2,1.2 c -1.3,1.3 -3.5,1.4 -4.8,0.1 L 765,38.5 Z"
            />
            <path d="m 808.9,45.9 c 1.6,-1.6 1.6,-4.2 0,-5.7 l -1.6,-1.6 c -1.6,-1.6 -4.3,-1.6 -5.9,0 l -9.6,9.4 c -1.3,1.3 -3.4,1.2 -4.7,-0.1 l -1.2,-1.2 c -1.3,-1.3 -1.3,-3.3 -0.1,-4.6 l 9.6,-9.5 c 5,-4.8 13,-4.9 18,-0.1 L 815,34 c 5,4.9 4.9,12.7 0,17.6 l -9,8.8 -0.6,0.6 c -1.3,1.3 -3.4,1.3 -4.7,0 l -1.2,-1.2 c -1.3,-1.3 -1.4,-3.4 -0.1,-4.6 l 9.5,-9.3 z"
            />
            <path d="m 757.5,81.5 c -1.6,1.6 -1.6,4.2 0,5.8 l 1.6,1.6 c 1.6,1.6 4.3,1.6 5.9,0 l 9.6,-9.4 c 1.3,-1.3 3.4,-1.2 4.7,0.1 l 1.2,1.2 c 1.3,1.3 1.3,3.3 0.1,4.6 l -9.7,9.4 c -5,4.9 -13,4.9 -18,0.1 l -1.6,-1.5 c -5,-4.8 -4.9,-12.7 0.1,-17.5 l 9,-8.8 0.6,-0.6 c 1.3,-1.3 3.4,-1.3 4.7,0 l 1.2,1.2 c 1.3,1.3 1.4,3.4 0.1,4.6 l -9.5,9.2 z"
            />
            <path d="m 801.3,88.8 c 1.6,1.6 4.3,1.6 5.9,0 l 1.6,-1.5 c 1.6,-1.6 1.7,-4.2 0,-5.8 l -9.6,-9.4 c -1.3,-1.3 -1.2,-3.3 0.1,-4.6 l 1.2,-1.2 c 1.3,-1.3 3.4,-1.3 4.7,-0.1 l 9.7,9.4 c 5,4.8 5,12.7 0.1,17.6 l -1.6,1.5 c -5,4.9 -13,4.8 -18,-0.1 l -9,-8.8 -0.6,-0.6 c -1.3,-1.3 -1.3,-3.3 0,-4.6 l 1.2,-1.2 c 1.3,-1.3 3.5,-1.4 4.8,-0.1 l 9.5,9.5 z"
            />
        </g>
    </g>
</svg>
